-1.3		0		-9.99997		10.0841		-0.000854886   	-0.427931   	-0.899596   	0.996192   	
-1.3		0		-9.97502		10.0594		-0.000812894   	-0.428515   	-0.899596   	0.996443   	
-1.3		0		-9.94998		10.0345		-0.000770902   	-0.429099   	-0.899595   	0.996693   	
-1.3		0		-9.92503		10.0098		-0.00072891   	-0.429683   	-0.899595   	0.996945   	
-1.3		0		-9.89999		9.98498		-0.000713837   	-0.430207   	-0.899602   	0.997177   	
-1.3		0		-9.87504		9.96024		-0.00103892   	-0.429963   	-0.899712   	0.997171   	
-1.3		0		-9.85		9.93542		-0.00136399   	-0.429718   	-0.899823   	0.997166   	
-1.3		0		-9.82497		9.9106		-0.00168907   	-0.429474   	-0.899933   	0.997161   	
-1.3		0		-9.80001		9.88586		-0.00201415   	-0.42923   	-0.900043   	0.997156   	
-1.3		0		-9.77498		9.86104		-0.00197615   	-0.429081   	-0.899869   	0.996935   	
-1.3		0		-9.75002		9.83631		-0.00190077   	-0.428942   	-0.899664   	0.99669   	
-1.3		0		-9.72499		9.81149		-0.00182539   	-0.428802   	-0.89946   	0.996445   	
-1.3		0		-9.70003		9.78676		-0.00175002   	-0.428663   	-0.899256   	0.996201   	
-1.3		0		-9.675		9.76195		-0.00170121   	-0.428788   	-0.899458   	0.996437   	
-1.3		0		-9.64996		9.73713		-0.00166175   	-0.429007   	-0.899803   	0.996843   	
-1.3		0		-9.62501		9.7124		-0.00162228   	-0.429226   	-0.900148   	0.997248   	
-1.3		0		-9.59997		9.68759		-0.00158282   	-0.429445   	-0.900493   	0.997654   	
-1.3		0		-9.57502		9.66287		-0.00159326   	-0.429436   	-0.900427   	0.99759   	
-1.3		0		-9.54998		9.63806		-0.00164085   	-0.429257   	-0.900054   	0.997177   	
-1.3		0		-9.52503		9.61333		-0.00168843   	-0.429078   	-0.899681   	0.996763   	
-1.3		0		-9.49999		9.58853		-0.00173601   	-0.428899   	-0.899307   	0.996349   	
-1.3		0		-9.47504		9.5638		-0.0017324   	-0.428984   	-0.899142   	0.996236   	
-1.3		0		-9.45		9.539		-0.00165407   	-0.429457   	-0.89928   	0.996564   	
-1.3		0		-9.42497		9.5142		-0.00157575   	-0.429929   	-0.899417   	0.996891   	
-1.3		0		-9.40001		9.48948		-0.00149743   	-0.430401   	-0.899555   	0.997219   	
-1.3		0		-9.37498		9.46468		-0.00142723   	-0.430679   	-0.899684   	0.997456   	
-1.3		0		-9.35002		9.43997		-0.00138276   	-0.430339   	-0.899787   	0.997402   	
-1.3		0		-9.32499		9.41517		-0.0013383   	-0.43   	-0.899889   	0.997347   	
-1.3		0		-9.30003		9.39045		-0.00129384   	-0.429661   	-0.899991   	0.997293   	
-1.3		0		-9.275		9.36566		-0.00126355   	-0.429344   	-0.900092   	0.997248   	
-1.3		0		-9.24996		9.34087		-0.00141237   	-0.42932   	-0.900175   	0.997313   	
-1.3		0		-9.22501		9.31616		-0.0015612   	-0.429296   	-0.900259   	0.997378   	
-1.3		0		-9.19997		9.29137		-0.00171003   	-0.429272   	-0.900342   	0.997443   	
-1.3		0		-9.17502		9.26666		-0.00185886   	-0.429248   	-0.900426   	0.997509   	
-1.3		0		-9.14998		9.24187		-0.00182286   	-0.429497   	-0.900273   	0.997478   	
-1.3		0		-9.12503		9.21717		-0.00176783   	-0.429774   	-0.900096   	0.997438   	
-1.3		0		-9.09999		9.19238		-0.00171279   	-0.430051   	-0.899919   	0.997397   	
-1.3		0		-9.07504		9.16768		-0.00165776   	-0.430328   	-0.899742   	0.997357   	
-1.3		0		-9.05		9.1429		-0.00151431   	-0.430362   	-0.899465   	0.997121   	
-1.3		0		-9.02497		9.11812		-0.0013398   	-0.43031   	-0.899155   	0.996819   	
-1.3		0		-9.00001		9.09342		-0.00116529   	-0.430257   	-0.898844   	0.996515   	
-1.3		0		-8.97498		9.06864		-0.00099077   	-0.430205   	-0.898533   	0.996212   	
-1.3		0		-8.95003		9.04395		-0.000958846   	-0.43015   	-0.898445   	0.996109   	
-1.3		0		-8.92499		9.01917		-0.00103304   	-0.430092   	-0.898522   	0.996154   	
-1.3		0		-8.90004		8.99448		-0.00110723   	-0.430034   	-0.8986   	0.996199   	
-1.3		0		-8.875		8.96971		-0.00118141   	-0.429977   	-0.898677   	0.996244   	
-1.3		0		-8.84996		8.94494		-0.00126792   	-0.429863   	-0.898721   	0.996235   	
-1.3		0		-8.82501		8.92025		-0.00137239   	-0.429666   	-0.898713   	0.996142   	
-1.3		0		-8.79997		8.89548		-0.00147686   	-0.42947   	-0.898706   	0.996052   	
-1.3		0		-8.77502		8.87079		-0.00158133   	-0.429274   	-0.898699   	0.995961   	
-1.3		0		-8.74999		8.84603		-0.00165129   	-0.429191   	-0.89879   	0.996008   	
-1.3		0		-8.72503		8.82135		-0.00161196   	-0.429467   	-0.899193   	0.99649   	
-1.3		0		-8.7		8.79659		-0.00157263   	-0.429743   	-0.899597   	0.996974   	
-1.3		0		-8.67496		8.77183		-0.0015333   	-0.430019   	-0.900001   	0.997457   	
-1.3		0		-8.65001		8.74715		-0.00150365   	-0.430278   	-0.900349   	0.997883   	
-1.3		0		-8.62497		8.72239		-0.00159643   	-0.430329   	-0.900008   	0.997597   	
-1.3		0		-8.60002		8.69772		-0.00168921   	-0.43038   	-0.899666   	0.997311   	
-1.3		0		-8.57498		8.67296		-0.00178199   	-0.430431   	-0.899324   	0.997024   	
-1.3		0		-8.55003		8.64829		-0.00187478   	-0.430481   	-0.898983   	0.996739   	
-1.3		0		-8.52499		8.62354		-0.00175284   	-0.430578   	-0.899254   	0.997025   	
-1.3		0		-8.50004		8.59887		-0.0016088   	-0.430679   	-0.899588   	0.997369   	
-1.3		0		-8.475		8.57413		-0.00146477   	-0.43078   	-0.899923   	0.997715   	
-1.3		0		-8.44997		8.54938		-0.00132073   	-0.430881   	-0.900257   	0.99806   	
-1.3		0		-8.42501		8.52472		-0.00109241   	-0.431079   	-0.900362   	0.998239   	
-1.3		0		-8.39998		8.49998		-0.000834467   	-0.431311   	-0.900386   	0.998361   	
-1.3		0		-8.37502		8.47532		-0.000576529   	-0.431543   	-0.900409   	0.998482   	
-1.3		0		-8.34999		8.45058		-0.00031859   	-0.431775   	-0.900433   	0.998604   	
-1.3		0		-8.32503		8.42592		-0.00030662   	-0.431925   	-0.9001   	0.998368   	
-1.3		0		-8.3		8.40119		-0.000477695   	-0.432015   	-0.8995   	0.997866   	
-1.3		0		-8.27496		8.37645		-0.000648771   	-0.432104   	-0.8989   	0.997364   	
-1.3		0		-8.25001		8.3518		-0.000819847   	-0.432194   	-0.8983   	0.996863   	
-1.3		0		-8.22497		8.32707		-0.00104127   	-0.432183   	-0.897983   	0.996572   	
-1.3		0		-8.20002		8.30243		-0.00133614   	-0.432028   	-0.898078   	0.996591   	
-1.3		0		-8.17498		8.2777		-0.00163102   	-0.431872   	-0.898172   	0.996609   	
-1.3		0		-8.15003		8.25306		-0.0019259   	-0.431717   	-0.898267   	0.996628   	
-1.3		0		-8.12499		8.22833		-0.00217273   	-0.431537   	-0.898286   	0.996567   	
-1.3		0		-8.1		8.20365		-0.00226741   	-0.431284   	-0.898063   	0.996257   	
-1.3		0		-8.075		8.17898		-0.00236209   	-0.431031   	-0.897841   	0.995948   	
-1.3		0		-8.05		8.15429		-0.00245677   	-0.430778   	-0.897618   	0.995637   	
-1.3		0		-8.025		8.12961		-0.00251133   	-0.430563   	-0.897427   	0.995372   	
-1.3		0		-8		8.10494		-0.00205887   	-0.430837   	-0.89763   	0.995673   	
-1.3		0		-7.975		8.08026		-0.00160641   	-0.431111   	-0.897833   	0.995974   	
-1.3		0		-7.95		8.05559		-0.00115395   	-0.431385   	-0.898036   	0.996275   	
-1.3		0		-7.925		8.03092		-0.000701492   	-0.431659   	-0.898239   	0.996576   	
-1.3		0		-7.9		8.00625		-0.00046106   	-0.431538   	-0.897994   	0.996302   	
-1.3		0		-7.875		7.98158		-0.000242455   	-0.431377   	-0.897703   	0.99597   	
-1.3		0		-7.85		7.95692		-2.38496e-05   	-0.431216   	-0.897412   	0.995638   	
-1.3		0		-7.825		7.93225		0.000194756   	-0.431055   	-0.897122   	0.995307   	
-1.3		0		-7.8		7.90759		-4.61032e-05   	-0.431245   	-0.897207   	0.995466   	
-1.3		0		-7.775		7.88293		-0.000448396   	-0.43156   	-0.897424   	0.995798   	
-1.3		0		-7.75		7.85828		-0.000850688   	-0.431875   	-0.897641   	0.996131   	
-1.3		0		-7.725		7.83362		-0.00125298   	-0.432189   	-0.897859   	0.996464   	
-1.3		0		-7.7		7.80897		-0.00134572   	-0.432414   	-0.897871   	0.996572   	
-1.3		0		-7.675		7.78432		-0.00120811   	-0.432573   	-0.89773   	0.996514   	
-1.3		0		-7.65		7.75967		-0.00107049   	-0.432731   	-0.897589   	0.996455   	
-1.3		0		-7.625		7.73502		-0.000932872   	-0.432889   	-0.897449   	0.996398   	
-1.3		0		-7.6		7.71039		-0.000903191   	-0.43289   	-0.897424   	0.996376   	
-1.3		0		-7.575		7.68574		-0.00103099   	-0.432662   	-0.897569   	0.996407   	
-1.3		0		-7.55		7.6611		-0.00115879   	-0.432433   	-0.897715   	0.99644   	
-1.3		0		-7.525		7.63647		-0.00128659   	-0.432204   	-0.89786   	0.996471   	
-1.3		0		-7.5		7.61183		-0.00140098   	-0.432116   	-0.897928   	0.996494   	
-1.3		0		-7.475		7.58721		-0.0014729   	-0.432471   	-0.897753   	0.996491   	
-1.3		0		-7.45		7.56257		-0.00154483   	-0.432827   	-0.897577   	0.996487   	
-1.3		0		-7.425		7.53794		-0.00161675   	-0.433182   	-0.897402   	0.996484   	
-1.3		0		-7.4		7.51332		-0.00167159   	-0.433506   	-0.89721   	0.996452   	
-1.3		0		-7.375		7.4887		-0.00151062   	-0.433442   	-0.896815   	0.996068   	
-1.3		0		-7.35		7.46408		-0.00134964   	-0.433378   	-0.89642   	0.995684   	
-1.3		0		-7.325		7.43947		-0.00118866   	-0.433314   	-0.896025   	0.995301   	
-1.3		0		-7.3		7.41485		-0.00102769   	-0.43325   	-0.895629   	0.994916   	
-1.3		0		-7.275		7.39023		-0.000755458   	-0.433193   	-0.895715   	0.994968   	
-1.3		0		-7.25		7.36563		-0.000471775   	-0.433137   	-0.89585   	0.995065   	
-1.3		0		-7.225		7.34102		-0.000188093   	-0.433082   	-0.895986   	0.995164   	
-1.3		0		-7.2		7.31642		9.55902e-05   	-0.433026   	-0.896121   	0.995261   	
-1.3		0		-7.175		7.29182		0.000138276   	-0.433149   	-0.896224   	0.995407   	
-1.3		0		-7.15		7.26722		9.6287e-05   	-0.433335   	-0.896316   	0.995571   	
-1.3		0		-7.125		7.24263		5.4298e-05   	-0.433521   	-0.896407   	0.995734   	
-1.3		0		-7.1		7.21803		1.2309e-05   	-0.433707   	-0.896499   	0.995898   	
-1.3		0		-7.075		7.19344		-0.000200926   	-0.433692   	-0.896529   	0.995918   	
-1.3		0		-7.05		7.16886		-0.0005416   	-0.433526   	-0.896514   	0.995833   	
-1.3		0		-7.025		7.14427		-0.000882273   	-0.43336   	-0.896498   	0.995746   	
-1.3		0		-7		7.11969		-0.00122295   	-0.433195   	-0.896483   	0.995661   	
-1.3		0		-6.975		7.09511		-0.00139932   	-0.433164   	-0.896339   	0.995518   	
-1.3		0		-6.95		7.07054		-0.00133597   	-0.433329   	-0.896009   	0.995293   	
-1.3		0		-6.925		7.04597		-0.00127262   	-0.433495   	-0.895678   	0.995067   	
-1.3		0		-6.9		7.0214		-0.00120927   	-0.433661   	-0.895348   	0.994842   	
-1.3		0		-6.875		6.99683		-0.00112366   	-0.433847   	-0.895132   	0.994729   	
-1.3		0		-6.85		6.97227		-0.000967573   	-0.434097   	-0.89528   	0.994971   	
-1.3		0		-6.825		6.94771		-0.000811486   	-0.434347   	-0.895427   	0.995212   	
-1.3		0		-6.8		6.92315		-0.0006554   	-0.434597   	-0.895575   	0.995454   	
-1.3		0		-6.775		6.8986		-0.000495933   	-0.434834   	-0.895707   	0.995677   	
-1.3		0		-6.75		6.87404		-0.000293752   	-0.434904   	-0.895631   	0.995639   	
-1.3		0		-6.725		6.8495		-9.15699e-05   	-0.434975   	-0.895556   	0.995602   	
-1.3		0		-6.7		6.82496		0.000110612   	-0.435045   	-0.895481   	0.995565   	
-1.3		0		-6.675		6.80041		0.000312794   	-0.435115   	-0.895406   	0.995529   	
-1.3		0		-6.65		6.77588		0.000341438   	-0.435275   	-0.89552   	0.995701   	
-1.3		0		-6.625		6.75134		0.000352219   	-0.435445   	-0.895654   	0.995896   	
-1.3		0		-6.6		6.72681		0.000362999   	-0.435615   	-0.895788   	0.996091   	
-1.3		0		-6.575		6.70229		0.000373779   	-0.435784   	-0.895922   	0.996285   	
-1.3		0		-6.55		6.67776		0.000227451   	-0.43566   	-0.895735   	0.996063   	
-1.3		0		-6.525		6.65324		2.59224e-05   	-0.435432   	-0.895434   	0.995692   	
-1.3		0		-6.5		6.62873		-0.000175606   	-0.435204   	-0.895134   	0.995323   	
-1.3		0		-6.475		6.60421		-0.000377135   	-0.434976   	-0.894834   	0.994953   	
-1.3		0		-6.45		6.57971		-0.000377165   	-0.435002   	-0.894819   	0.994951   	
-1.3		0		-6.425		6.5552		-0.000227243   	-0.435217   	-0.895016   	0.995222   	
-1.3		0		-6.4		6.53069		-7.73208e-05   	-0.435432   	-0.895213   	0.995494   	
-1.3		0		-6.375		6.5062		7.26013e-05   	-0.435647   	-0.895411   	0.995766   	
-1.3		0		-6.35		6.48171		0.000179434   	-0.435815   	-0.895475   	0.995897   	
-1.3		0		-6.325		6.45721		0.0002234   	-0.435915   	-0.895345   	0.995824   	
-1.3		0		-6.3		6.43273		0.000267365   	-0.436015   	-0.895214   	0.99575   	
-1.3		0		-6.275		6.40825		0.00031133   	-0.436116   	-0.895084   	0.995677   	
-1.3		0		-6.25		6.38376		0.000330763   	-0.436215   	-0.894914   	0.995568   	
-1.3		0		-6.225		6.3593		0.000272512   	-0.436311   	-0.894619   	0.995344   	
-1.3		0		-6.2		6.33482		0.000214261   	-0.436407   	-0.894323   	0.99512   	
-1.3		0		-6.175		6.31036		0.00015601   	-0.436504   	-0.894028   	0.994898   	
-1.3		0		-6.15		6.2859		0.000107745   	-0.436606   	-0.893767   	0.994708   	
-1.3		0		-6.125		6.26144		0.000185669   	-0.436784   	-0.893939   	0.994941   	
-1.3		0		-6.1		6.23699		0.000263592   	-0.436962   	-0.894111   	0.995174   	
-1.3		0		-6.075		6.21254		0.000341516   	-0.43714   	-0.894283   	0.995406   	
-1.3		0		-6.05		6.18809		0.00041944   	-0.437319   	-0.894455   	0.995639   	
-1.3		0		-6.025		6.16366		0.000594316   	-0.437476   	-0.894318   	0.995585   	
-1.3		0		-6		6.13922		0.000779171   	-0.437632   	-0.89415   	0.995503   	
-1.3		0		-5.975		6.11479		0.000964027   	-0.437787   	-0.893981   	0.99542   	
-1.3		0		-5.95		6.09036		0.00114888   	-0.437943   	-0.893813   	0.995338   	
-1.3		0		-5.925		6.06594		0.00110138   	-0.437891   	-0.893567   	0.995094   	
-1.3		0		-5.9		6.04153		0.000972244   	-0.437767   	-0.893295   	0.994795   	
-1.3		0		-5.875		6.01711		0.000843106   	-0.437643   	-0.893022   	0.994495   	
-1.3		0		-5.85		5.9927		0.000713968   	-0.437519   	-0.892749   	0.994195   	
-1.3		0		-5.825		5.9683		0.00076485   	-0.437733   	-0.892656   	0.994206   	
-1.3		0		-5.8		5.9439		0.0009497   	-0.438199   	-0.892697   	0.994448   	
-1.3		0		-5.775		5.91951		0.00113455   	-0.438665   	-0.892737   	0.99469   	
-1.3		0		-5.75		5.89513		0.0013194   	-0.439131   	-0.892778   	0.994932   	
-1.3		0		-5.725		5.87074		0.00145558   	-0.439418   	-0.89273   	0.995016   	
-1.3		0		-5.7		5.84637		0.00152075   	-0.439443   	-0.892554   	0.994869   	
-1.3		0		-5.675		5.822		0.00158591   	-0.439469   	-0.892378   	0.994723   	
-1.3		0		-5.65		5.79763		0.00165108   	-0.439494   	-0.892201   	0.994575   	
-1.3		0		-5.625		5.77327		0.00170572   	-0.439517   	-0.892061   	0.99446   	
-1.3		0		-5.6		5.74891		0.00172705   	-0.439532   	-0.892032   	0.994441   	
-1.3		0		-5.575		5.72456		0.00174838   	-0.439547   	-0.892004   	0.994422   	
-1.3		0		-5.55		5.70022		0.00176971   	-0.439561   	-0.891976   	0.994403   	
-1.3		0		-5.525		5.67588		0.0018025   	-0.43959   	-0.891929   	0.994374   	
-1.3		0		-5.5		5.65155		0.0019801   	-0.439796   	-0.891654   	0.994219   	
-1.3		0		-5.475		5.62722		0.00215771   	-0.440002   	-0.891378   	0.994063   	
-1.3		0		-5.45		5.6029		0.00233531   	-0.440208   	-0.891103   	0.993908   	
-1.3		0		-5.425		5.57859		0.00251292   	-0.440413   	-0.890827   	0.993752   	
-1.3		0		-5.4		5.55428		0.00239122   	-0.440489   	-0.890828   	0.993786   	
-1.3		0		-5.375		5.52997		0.00223871   	-0.440552   	-0.890856   	0.993839   	
-1.3		0		-5.35		5.50568		0.00208621   	-0.440614   	-0.890884   	0.993891   	
-1.3		0		-5.325		5.48139		0.0019337   	-0.440677   	-0.890913   	0.993945   	
-1.3		0		-5.3		5.4571		0.00200142   	-0.440686   	-0.890878   	0.993917   	
-1.3		0		-5.275		5.43283		0.00214652   	-0.440677   	-0.89082   	0.993862   	
-1.3		0		-5.25		5.40856		0.00229162   	-0.440667   	-0.890763   	0.993807   	
-1.3		0		-5.225		5.38429		0.00243673   	-0.440658   	-0.890705   	0.993751   	
-1.3		0		-5.2		5.36004		0.00268633   	-0.440893   	-0.890486   	0.993659   	
-1.3		0		-5.175		5.33579		0.0030137   	-0.441309   	-0.890147   	0.993541   	
-1.3		0		-5.15		5.31155		0.00334107   	-0.441726   	-0.889808   	0.993424   	
-1.3		0		-5.125		5.28731		0.00366843   	-0.442143   	-0.889469   	0.993307   	
-1.3		0		-5.1		5.26308		0.0038006   	-0.442477   	-0.889381   	0.993378   	
-1.3		0		-5.075		5.23886		0.00364796   	-0.442689   	-0.889661   	0.993722   	
-1.3		0		-5.05		5.21464		0.00349531   	-0.442902   	-0.88994   	0.994066   	
-1.3		0		-5.025		5.19043		0.00334267   	-0.443114   	-0.890219   	0.99441   	
-1.3		0		-5		5.16624		0.00328404   	-0.443266   	-0.890322   	0.99457   	
-1.3		0		-4.975		5.14204		0.00352312   	-0.443228   	-0.889865   	0.994144   	
-1.3		0		-4.95		5.11786		0.00376219   	-0.44319   	-0.889408   	0.993719   	
-1.3		0		-4.925		5.09369		0.00400127   	-0.443151   	-0.888951   	0.993294   	
-1.3		0		-4.9		5.06952		0.00424362   	-0.443144   	-0.888524   	0.99291   	
-1.3		0		-4.875		5.04536		0.00452742   	-0.443526   	-0.888482   	0.993044   	
-1.3		0		-4.85		5.02121		0.00481122   	-0.443907   	-0.88844   	0.993178   	
-1.3		0		-4.825		4.99706		0.00509502   	-0.444289   	-0.888398   	0.993312   	
-1.3		0		-4.8		4.97293		0.00537882   	-0.44467   	-0.888356   	0.993447   	
-1.3		0		-4.775		4.9488		0.00533403   	-0.444612   	-0.888076   	0.99317   	
-1.3		0		-4.75		4.92468		0.00525541   	-0.444509   	-0.887772   	0.992852   	
-1.3		0		-4.725		4.90058		0.0051768   	-0.444406   	-0.887467   	0.992533   	
-1.3		0		-4.7		4.87647		0.00509818   	-0.444302   	-0.887162   	0.992213   	
-1.3		0		-4.675		4.85239		0.00520937   	-0.444594   	-0.887153   	0.992336   	
-1.3		0		-4.65		4.8283		0.00538724   	-0.445026   	-0.887248   	0.992616   	
-1.3		0		-4.625		4.80423		0.00556511   	-0.445457   	-0.887342   	0.992894   	
-1.3		0		-4.6		4.78017		0.00574299   	-0.445888   	-0.887436   	0.993173   	
-1.3		0		-4.575		4.75611		0.00588527   	-0.44607   	-0.887365   	0.993192   	
-1.3		0		-4.55		4.73207		0.00600107   	-0.446066   	-0.88717   	0.993016   	
-1.3		0		-4.525		4.70804		0.00611686   	-0.446062   	-0.886976   	0.992842   	
-1.3		0		-4.5		4.68401		0.00623266   	-0.446059   	-0.886781   	0.992667   	
-1.3		0		-4.475		4.66		0.0063913   	-0.446113   	-0.886563   	0.992498   	
-1.3		0		-4.45		4.636		0.00661246   	-0.446253   	-0.88631   	0.992336   	
-1.3		0		-4.425		4.61201		0.00683363   	-0.446394   	-0.886057   	0.992175   	
-1.3		0		-4.4		4.58803		0.00705479   	-0.446534   	-0.885804   	0.992014   	
-1.3		0		-4.375		4.56406		0.00727439   	-0.446781   	-0.885555   	0.991904   	
-1.3		0		-4.35		4.5401		0.00748904   	-0.447368   	-0.88532   	0.991961   	
-1.3		0		-4.325		4.51615		0.0077037   	-0.447956   	-0.885086   	0.992019   	
-1.3		0		-4.3		4.49222		0.00791836   	-0.448543   	-0.884851   	0.992076   	
-1.3		0		-4.275		4.46829		0.00814219   	-0.449084   	-0.884607   	0.992105   	
-1.3		0		-4.25		4.44438		0.00848203   	-0.449029   	-0.884239   	0.991755   	
-1.3		0		-4.225		4.42048		0.00882186   	-0.448974   	-0.883872   	0.991406   	
-1.3		0		-4.2		4.39659		0.00916169   	-0.44892   	-0.883505   	0.991057   	
-1.3		0		-4.175		4.37271		0.00950152   	-0.448865   	-0.883137   	0.990707   	
-1.3		0		-4.15		4.34885		0.0097979   	-0.449095   	-0.882926   	0.990626   	
-1.3		0		-4.125		4.325		0.0100898   	-0.449353   	-0.88273   	0.990572   	
-1.3		0		-4.1		4.30116		0.0103817   	-0.449612   	-0.882534   	0.990518   	
-1.3		0		-4.075		4.27734		0.0106736   	-0.449871   	-0.882339   	0.990465   	
-1.3		0		-4.05		4.25353		0.0108588   	-0.450295   	-0.882212   	0.990546   	
-1.3		0		-4.025		4.22973		0.0110064   	-0.450776   	-0.88211   	0.990676   	
-1.3		0		-4		4.20595		0.0111541   	-0.451258   	-0.882008   	0.990806   	
-1.3		0		-3.975		4.18218		0.0113017   	-0.45174   	-0.881906   	0.990936   	
-1.3		0		-3.95		4.15842		0.011644   	-0.45205   	-0.881884   	0.991062   	
-1.3		0		-3.925		4.13469		0.0121311   	-0.452233   	-0.881922   	0.991185   	
-1.3		0		-3.9		4.11096		0.0126181   	-0.452415   	-0.881959   	0.991307   	
-1.3		0		-3.875		4.08725		0.0131052   	-0.452598   	-0.881997   	0.991431   	
-1.3		0		-3.85		4.06356		0.0134485   	-0.452854   	-0.881796   	0.991374   	
-1.3		0		-3.825		4.03988		0.0135819   	-0.453215   	-0.881246   	0.991051   	
-1.3		0		-3.8		4.01621		0.0137154   	-0.453577   	-0.880696   	0.99073   	
-1.3		0		-3.775		3.99257		0.0138488   	-0.453938   	-0.880146   	0.990408   	
-1.3		0		3.75		3.96894		-0.0172161   	-0.453856   	-0.880846   	0.991046   	
-1.3		0		3.775		3.99257		-0.0167985   	-0.453353   	-0.881001   	0.990946   	
-1.3		0		3.8		4.01621		-0.0163809   	-0.45285   	-0.881157   	0.990848   	
-1.3		0		3.825		4.03988		-0.0159632   	-0.452348   	-0.881313   	0.99075   	
-1.3		0		3.85		4.06356		-0.0155456   	-0.45186   	-0.881482   	0.990671   	
-1.3		0		3.875		4.08725		-0.0151273   	-0.451559   	-0.881832   	0.990839   	
-1.3		0		3.9		4.11096		-0.0147091   	-0.451259   	-0.882181   	0.991007   	
-1.3		0		3.925		4.13469		-0.0142909   	-0.450959   	-0.88253   	0.991175   	
-1.3		0		3.95		4.15842		-0.0138726   	-0.450659   	-0.88288   	0.991344   	
-1.3		0		3.975		4.18218		-0.0135353   	-0.450685   	-0.882729   	0.991217   	
-1.3		0		4		4.20595		-0.0132063   	-0.450745   	-0.882527   	0.99106   	
-1.3		0		4.025		4.22973		-0.0128772   	-0.450805   	-0.882325   	0.990903   	
-1.3		0		4.05		4.25353		-0.0125482   	-0.450865   	-0.882122   	0.990745   	
-1.3		0		4.075		4.27734		-0.0122175   	-0.450711   	-0.882247   	0.990782   	
-1.3		0		4.1		4.30116		-0.0118862   	-0.450482   	-0.882486   	0.990887   	
-1.3		0		4.125		4.325		-0.0115548   	-0.450253   	-0.882725   	0.990992   	
-1.3		0		4.15		4.34885		-0.0112235   	-0.450024   	-0.882964   	0.991097   	
-1.3		0		4.175		4.37271		-0.011075   	-0.449689   	-0.883388   	0.991321   	
-1.3		0		4.2		4.39659		-0.0110627   	-0.449275   	-0.88395   	0.991634   	
-1.3		0		4.225		4.42048		-0.0110504   	-0.448862   	-0.884512   	0.991948   	
-1.3		0		4.25		4.44438		-0.011038   	-0.448448   	-0.885075   	0.992263   	
-1.3		0		4.275		4.46829		-0.0108843   	-0.448094   	-0.885451   	0.992436   	
-1.3		0		4.3		4.49222		-0.0105245   	-0.447826   	-0.885555   	0.992404   	
-1.3		0		4.325		4.51615		-0.0101646   	-0.447559   	-0.88566   	0.992374   	
-1.3		0		4.35		4.5401		-0.00980468   	-0.447291   	-0.885764   	0.992342   	
-1.3		0		4.375		4.56406		-0.00947198   	-0.447087   	-0.885823   	0.9923   	
-1.3		0		4.4		4.58803		-0.00922539   	-0.447084   	-0.885736   	0.992218   	
-1.3		0		4.425		4.61201		-0.00897879   	-0.44708   	-0.885649   	0.992137   	
-1.3		0		4.45		4.636		-0.0087322   	-0.447077   	-0.885562   	0.992056   	
-1.3		0		4.475		4.66		-0.00850096   	-0.447041   	-0.885504   	0.991986   	
-1.3		0		4.5		4.68401		-0.00846371   	-0.446589   	-0.885821   	0.992065   	
-1.3		0		4.525		4.70804		-0.00842647   	-0.446138   	-0.886138   	0.992144   	
-1.3		0		4.55		4.73207		-0.00838923   	-0.445687   	-0.886455   	0.992225   	
-1.3		0		4.575		4.75611		-0.00835199   	-0.445236   	-0.886772   	0.992305   	
-1.3		0		4.6		4.78017		-0.00821716   	-0.445143   	-0.886838   	0.992321   	
-1.3		0		4.625		4.80423		-0.00807229   	-0.445087   	-0.886878   	0.992331   	
-1.3		0		4.65		4.8283		-0.00792742   	-0.445031   	-0.886918   	0.99234   	
-1.3		0		4.675		4.85239		-0.00778255   	-0.444975   	-0.886958   	0.99235   	
-1.3		0		4.7		4.87647		-0.00753647   	-0.444967   	-0.887265   	0.992619   	
-1.3		0		4.725		4.90058		-0.00725482   	-0.444976   	-0.887666   	0.992979   	
-1.3		0		4.75		4.92468		-0.00697317   	-0.444984   	-0.888066   	0.993338   	
-1.3		0		4.775		4.9488		-0.00669152   	-0.444993   	-0.888467   	0.993699   	
-1.3		0		4.8		4.97293		-0.00655736   	-0.444898   	-0.888662   	0.99383   	
-1.3		0		4.825		4.99706		-0.00653295   	-0.444726   	-0.888705   	0.993791   	
-1.3		0		4.85		5.02121		-0.00650853   	-0.444553   	-0.888747   	0.993751   	
-1.3		0		4.875		5.04536		-0.00648412   	-0.44438   	-0.88879   	0.993712   	
-1.3		0		4.9		5.06952		-0.00644709   	-0.444111   	-0.888794   	0.993595   	
-1.3		0		4.925		5.09369		-0.00639167   	-0.443699   	-0.888742   	0.993364   	
-1.3		0		4.95		5.11786		-0.00633624   	-0.443287   	-0.88869   	0.993133   	
-1.3		0		4.975		5.14204		-0.00628081   	-0.442875   	-0.888638   	0.992902   	
-1.3		0		5		5.16624		-0.00617349   	-0.442546   	-0.888657   	0.992772   	
-1.3		0		5.025		5.19043		-0.00590181   	-0.442479   	-0.888898   	0.992956   	
-1.3		0		5.05		5.21464		-0.00563014   	-0.442412   	-0.889139   	0.993141   	
-1.3		0		5.075		5.23886		-0.00535847   	-0.442345   	-0.88938   	0.993325   	
-1.3		0		5.1		5.26308		-0.00509094   	-0.442278   	-0.889631   	0.993519   	
-1.3		0		5.125		5.28731		-0.00487576   	-0.442199   	-0.890012   	0.993823   	
-1.3		0		5.15		5.31155		-0.00466059   	-0.442121   	-0.890392   	0.994128   	
-1.3		0		5.175		5.33579		-0.00444541   	-0.442042   	-0.890772   	0.994432   	
-1.3		0		5.2		5.36004		-0.00423024   	-0.441963   	-0.891153   	0.994738   	
-1.3		0		5.225		5.38429		-0.00433544   	-0.441681   	-0.891128   	0.99459   	
-1.3		0		5.25		5.40856		-0.00447361   	-0.441378   	-0.89106   	0.994396   	
-1.3		0		5.275		5.43283		-0.00461179   	-0.441074   	-0.890993   	0.994201   	
-1.3		0		5.3		5.4571		-0.00474997   	-0.440771   	-0.890926   	0.994007   	
-1.3		0		5.325		5.48139		-0.00453831   	-0.440654   	-0.891091   	0.994102   	
-1.3		0		5.35		5.50568		-0.00420372   	-0.440603   	-0.891338   	0.9943   	
-1.3		0		5.375		5.52997		-0.00386913   	-0.440552   	-0.891585   	0.994497   	
-1.3		0		5.4		5.55428		-0.00353455   	-0.440501   	-0.891832   	0.994695   	
-1.3		0		5.425		5.57859		-0.00329864   	-0.44043   	-0.891848   	0.994677   	
-1.3		0		5.45		5.6029		-0.00313618   	-0.440345   	-0.891694   	0.994501   	
-1.3		0		5.475		5.62722		-0.00297372   	-0.44026   	-0.891539   	0.994324   	
-1.3		0		5.5		5.65155		-0.00281127   	-0.440175   	-0.891385   	0.994147   	
-1.3		0		5.525		5.67588		-0.002741   	-0.440139   	-0.891384   	0.99413   	
-1.3		0		5.55		5.70022		-0.00280526   	-0.440172   	-0.891606   	0.994344   	
-1.3		0		5.575		5.72456		-0.00286951   	-0.440206   	-0.891829   	0.994559   	
-1.3		0		5.6		5.74891		-0.00293377   	-0.440239   	-0.892052   	0.994774   	
-1.3		0		5.625		5.77327		-0.00299859   	-0.440186   	-0.892228   	0.994909   	
-1.3		0		5.65		5.79763		-0.00306519   	-0.439858   	-0.892257   	0.99479   	
-1.3		0		5.675		5.822		-0.00313179   	-0.439531   	-0.892287   	0.994673   	
-1.3		0		5.7		5.84637		-0.00319839   	-0.439203   	-0.892316   	0.994554   	
-1.3		0		5.725		5.87074		-0.00326118   	-0.438883   	-0.892349   	0.994442   	
-1.3		0		5.75		5.89513		-0.00327587   	-0.438661   	-0.892432   	0.994419   	
-1.3		0		5.775		5.91951		-0.00329057   	-0.43844   	-0.892514   	0.994395   	
-1.3		0		5.8		5.9439		-0.00330526   	-0.438218   	-0.892596   	0.994371   	
-1.3		0		5.825		5.9683		-0.00331995   	-0.437996   	-0.892679   	0.994348   	
-1.3		0		5.85		5.9927		-0.00314879   	-0.438133   	-0.893116   	0.9948   	
-1.3		0		5.875		6.01711		-0.0029585   	-0.438307   	-0.89359   	0.995301   	
-1.3		0		5.9		6.04153		-0.00276821   	-0.438481   	-0.894065   	0.995804   	
-1.3		0		5.925		6.06594		-0.00257792   	-0.438655   	-0.894539   	0.996306   	
-1.3		0		5.95		6.09036		-0.00244016   	-0.438509   	-0.89449   	0.996197   	
-1.3		0		5.975		6.11479		-0.00232087   	-0.438251   	-0.894257   	0.995874   	
-1.3		0		6		6.13922		-0.00220157   	-0.437993   	-0.894025   	0.995552   	
-1.3		0		6.025		6.16366		-0.00208228   	-0.437734   	-0.893792   	0.995228   	
-1.3		0		6.05		6.18809		-0.00190068   	-0.437398   	-0.893774   	0.995064   	
-1.3		0		6.075		6.21254		-0.00167272   	-0.437004   	-0.893916   	0.995018   	
-1.3		0		6.1		6.23699		-0.00144476   	-0.436611   	-0.894058   	0.994973   	
-1.3		0		6.125		6.26144		-0.0012168   	-0.436217   	-0.894199   	0.994926   	
-1.3		0		6.15		6.2859		-0.00115831   	-0.436057   	-0.894355   	0.994996   	
-1.3		0		6.175		6.31036		-0.00134708   	-0.436238   	-0.894532   	0.995235   	
-1.3		0		6.2		6.33482		-0.00153586   	-0.436419   	-0.894709   	0.995474   	
-1.3		0		6.225		6.3593		-0.00172463   	-0.4366   	-0.894886   	0.995713   	
-1.3		0		6.25		6.38376		-0.00183065   	-0.436779   	-0.895037   	0.995927   	
-1.3		0		6.275		6.40825		-0.00167462   	-0.436953   	-0.895109   	0.996068   	
-1.3		0		6.3		6.43273		-0.00151859   	-0.437127   	-0.895181   	0.996208   	
-1.3		0		6.325		6.45721		-0.00136255   	-0.437301   	-0.895253   	0.996349   	
-1.3		0		6.35		6.48171		-0.0012069   	-0.43743   	-0.895323   	0.996469   	
-1.3		0		6.375		6.5062		-0.00105597   	-0.436986   	-0.895362   	0.996309   	
-1.3		0		6.4		6.53069		-0.00090504   	-0.436542   	-0.895401   	0.996149   	
-1.3		0		6.425		6.5552		-0.000754112   	-0.436098   	-0.89544   	0.995989   	
-1.3		0		6.45		6.57971		-0.000603184   	-0.435654   	-0.895479   	0.99583   	
-1.3		0		6.475		6.60421		-0.00085267   	-0.435588   	-0.895492   	0.995813   	
-1.3		0		6.5		6.62873		-0.00114337   	-0.435561   	-0.895502   	0.99581   	
-1.3		0		6.525		6.65324		-0.00143408   	-0.435533   	-0.895512   	0.995808   	
-1.3		0		6.55		6.67776		-0.00172478   	-0.435506   	-0.895523   	0.995806   	
-1.3		0		6.575		6.70229		-0.00173293   	-0.435328   	-0.895633   	0.995827   	
-1.3		0		6.6		6.72681		-0.00164179   	-0.435098   	-0.895779   	0.995858   	
-1.3		0		6.625		6.75134		-0.00155066   	-0.434867   	-0.895924   	0.995887   	
-1.3		0		6.65		6.77588		-0.00145953   	-0.434636   	-0.89607   	0.995918   	
-1.3		0		6.675		6.80041		-0.00138616   	-0.434492   	-0.896086   	0.995869   	
-1.3		0		6.7		6.82496		-0.00132601   	-0.434411   	-0.896004   	0.99576   	
-1.3		0		6.725		6.8495		-0.00126586   	-0.43433   	-0.895923   	0.995652   	
-1.3		0		6.75		6.87404		-0.00120571   	-0.434249   	-0.895842   	0.995543   	
-1.3		0		6.775		6.8986		-0.00108309   	-0.434293   	-0.895855   	0.995574   	
-1.3		0		6.8		6.92315		-0.000869317   	-0.434518   	-0.896005   	0.995807   	
-1.3		0		6.825		6.94771		-0.000655547   	-0.434743   	-0.896154   	0.996039   	
-1.3		0		6.85		6.97227		-0.000441777   	-0.434968   	-0.896304   	0.996272   	
-1.3		0		6.875		6.99683		-0.000251378   	-0.435101   	-0.896388   	0.996406   	
-1.3		0		6.9		7.0214		-0.000134989   	-0.43494   	-0.896262   	0.996222   	
-1.3		0		6.925		7.04597		-1.86005e-05   	-0.43478   	-0.896136   	0.996039   	
-1.3		0		6.95		7.07054		9.77884e-05   	-0.43462   	-0.896011   	0.995857   	
-1.3		0		6.975		7.09511		0.000198782   	-0.434466   	-0.895909   	0.995698   	
-1.3		0		7		7.11969		0.000105239   	-0.434377   	-0.896104   	0.995834   	
-1.3		0		7.025		7.14427		1.16947e-05   	-0.434289   	-0.8963   	0.995972   	
-1.3		0		7.05		7.16886		-8.18491e-05   	-0.434201   	-0.896495   	0.996109   	
-1.3		0		7.075		7.19344		-0.000175393   	-0.434113   	-0.896691   	0.996247   	
-1.3		0		7.1		7.21803		-0.000135411   	-0.434018   	-0.896949   	0.996438   	
-1.3		0		7.125		7.24263		-8.16835e-05   	-0.433922   	-0.897214   	0.996635   	
-1.3		0		7.15		7.26722		-2.79561e-05   	-0.433827   	-0.897479   	0.996832   	
-1.3		0		7.175		7.29182		2.57713e-05   	-0.433731   	-0.897743   	0.997028   	
-1.3		0		7.2		7.31642		-6.94861e-06   	-0.433695   	-0.897936   	0.997186   	
-1.3		0		7.225		7.34102		-7.00419e-05   	-0.433679   	-0.898102   	0.997329   	
-1.3		0		7.25		7.36563		-0.000133135   	-0.433662   	-0.898269   	0.997472   	
-1.3		0		7.275		7.39023		-0.000196229   	-0.433646   	-0.898436   	0.997615   	
-1.3		0		7.3		7.41485		-0.000219855   	-0.433577   	-0.898283   	0.997447   	
-1.3		0		7.325		7.43947		-0.00021411   	-0.433468   	-0.897891   	0.997047   	
-1.3		0		7.35		7.46408		-0.000208365   	-0.433359   	-0.8975   	0.996648   	
-1.3		0		7.375		7.4887		-0.00020262   	-0.43325   	-0.897108   	0.996247   	
-1.3		0		7.4		7.51332		-0.000155029   	-0.433166   	-0.896926   	0.996047   	
-1.3		0		7.425		7.53794		-4.63856e-05   	-0.43312   	-0.897047   	0.996136   	
-1.3		0		7.45		7.56257		6.22579e-05   	-0.433074   	-0.897169   	0.996226   	
-1.3		0		7.475		7.58721		0.000170901   	-0.433027   	-0.89729   	0.996314   	
-1.3		0		7.5		7.61183		0.000250026   	-0.433021   	-0.897434   	0.996441   	
-1.3		0		7.525		7.63647		0.000235673   	-0.433141   	-0.897648   	0.996686   	
-1.3		0		7.55		7.6611		0.00022132   	-0.433261   	-0.897862   	0.996931   	
-1.3		0		7.575		7.68574		0.000206967   	-0.433381   	-0.898076   	0.997176   	
-1.3		0		7.6		7.71039		0.000199301   	-0.433463   	-0.898259   	0.997376   	
-1.3		0		7.625		7.73502		0.00027613   	-0.433064   	-0.898047   	0.997012   	
-1.3		0		7.65		7.75967		0.000352959   	-0.432664   	-0.897834   	0.996646   	
-1.3		0		7.675		7.78432		0.000429788   	-0.432265   	-0.897622   	0.996282   	
-1.3		0		7.7		7.80897		0.000506617   	-0.431866   	-0.897409   	0.995917   	
-1.3		0		7.725		7.83362		0.000550236   	-0.432029   	-0.897308   	0.995897   	
-1.3		0		7.75		7.85828		0.000590437   	-0.43225   	-0.897219   	0.995913   	
-1.3		0		7.775		7.88293		0.000630637   	-0.432472   	-0.897129   	0.995928   	
-1.3		0		7.8		7.90759		0.000670838   	-0.432693   	-0.897039   	0.995943   	
-1.3		0		7.825		7.93225		0.000617148   	-0.432793   	-0.897443   	0.99635   	
-1.3		0		7.85		7.95692		0.00053047   	-0.432851   	-0.89802   	0.996895   	
-1.3		0		7.875		7.98158		0.000443793   	-0.432909   	-0.898598   	0.997441   	
-1.3		0		7.9		8.00625		0.000357115   	-0.432966   	-0.899175   	0.997986   	
-1.3		0		7.925		8.03092		0.000393212   	-0.432744   	-0.899306   	0.998007   	
-1.3		0		7.95		8.05559		0.000520678   	-0.432314   	-0.899106   	0.997641   	
-1.3		0		7.975		8.08026		0.000648144   	-0.431885   	-0.898905   	0.997274   	
-1.3		0		8		8.10494		0.00077561   	-0.431455   	-0.898704   	0.996907   	
-1.3		0		8.025		8.12961		0.000898948   	-0.431278   	-0.89849   	0.996637   	
-1.3		0		8.05		8.15429		0.00101627   	-0.431472   	-0.898256   	0.99651   	
-1.3		0		8.075		8.17898		0.00113358   	-0.431665   	-0.898022   	0.996383   	
-1.3		0		8.1		8.20365		0.0012509   	-0.431859   	-0.897788   	0.996257   	
-1.3		0		8.12499		8.22833		0.00126587   	-0.43202   	-0.897667   	0.996217   	
-1.3		0		8.15003		8.25306		0.000956743   	-0.432082   	-0.897908   	0.996461   	
-1.3		0		8.17498		8.2777		0.000647617   	-0.432143   	-0.898148   	0.996703   	
-1.3		0		8.20002		8.30243		0.000338491   	-0.432204   	-0.898388   	0.996946   	
-1.3		0		8.22497		8.32707		7.9208e-05   	-0.43224   	-0.898619   	0.99717   	
-1.3		0		8.25001		8.3518		0.000449756   	-0.431947   	-0.898738   	0.99715   	
-1.3		0		8.27496		8.37645		0.000820304   	-0.431654   	-0.898856   	0.99713   	
-1.3		0		8.3		8.40119		0.00119085   	-0.431362   	-0.898974   	0.99711   	
-1.3		0		8.32503		8.42592		0.0015614   	-0.431069   	-0.899093   	0.997091   	
-1.3		0		8.34999		8.45058		0.00145729   	-0.430873   	-0.898916   	0.996847   	
-1.3		0		8.37502		8.47532		0.00130432   	-0.430688   	-0.898709   	0.99658   	
-1.3		0		8.39998		8.49998		0.00115135   	-0.430502   	-0.898502   	0.996313   	
-1.3		0		8.42501		8.52472		0.000998383   	-0.430317   	-0.898294   	0.996045   	
-1.3		0		8.44997		8.54938		0.000955293   	-0.430415   	-0.898345   	0.996133   	
-1.3		0		8.475		8.57413		0.00095081   	-0.430614   	-0.898487   	0.996347   	
-1.3		0		8.50004		8.59887		0.000946327   	-0.430812   	-0.898629   	0.996561   	
-1.3		0		8.52499		8.62354		0.000941843   	-0.43101   	-0.898771   	0.996775   	
-1.3		0		8.55003		8.64829		0.00104095   	-0.431181   	-0.898741   	0.996822   	
-1.3		0		8.57498		8.67296		0.00121715   	-0.431331   	-0.898584   	0.996745   	
-1.3		0		8.60002		8.69772		0.00139334   	-0.431481   	-0.898427   	0.996669   	
-1.3		0		8.62497		8.72239		0.00156954   	-0.43163   	-0.89827   	0.996592   	
-1.3		0		8.65001		8.74715		0.00163457   	-0.431594   	-0.898311   	0.996614   	
-1.3		0		8.67496		8.77183		0.0015374   	-0.431287   	-0.898642   	0.996779   	
-1.3		0		8.7		8.79659		0.00144023   	-0.43098   	-0.898973   	0.996944   	
-1.3		0		8.72503		8.82135		0.00134307   	-0.430673   	-0.899304   	0.99711   	
-1.3		0		8.74999		8.84603		0.0012368   	-0.430414   	-0.899588   	0.997254   	
-1.3		0		8.77502		8.87079		0.00110174   	-0.430308   	-0.899725   	0.997332   	
-1.3		0		8.79997		8.89548		0.000966676   	-0.430203   	-0.899862   	0.99741   	
-1.3		0		8.82501		8.92025		0.000831613   	-0.430097   	-0.899999   	0.997488   	
-1.3		0		8.84996		8.94494		0.000714293   	-0.430005   	-0.900126   	0.997563   	
-1.3		0		8.875		8.96971		0.000821182   	-0.430089   	-0.900136   	0.997608   	
-1.3		0		8.90004		8.99448		0.000928071   	-0.430174   	-0.900146   	0.997654   	
-1.3		0		8.92499		9.01917		0.00103496   	-0.430258   	-0.900156   	0.997699   	
-1.3		0		8.95003		9.04395		0.00114185   	-0.430343   	-0.900165   	0.997744   	
-1.3		0		8.97498		9.06864		0.00136532   	-0.43034   	-0.899948   	0.997547   	
-1.3		0		9.00001		9.09342		0.00160078   	-0.430328   	-0.899708   	0.997326   	
-1.3		0		9.02497		9.11812		0.00183625   	-0.430316   	-0.899468   	0.997105   	
-1.3		0		9.05		9.1429		0.00207172   	-0.430304   	-0.899228   	0.996884   	
-1.3		0		9.07504		9.16768		0.00203026   	-0.43017   	-0.8991   	0.99671   	
-1.3		0		9.09999		9.19238		0.0018915   	-0.429994   	-0.899012   	0.996555   	
-1.3		0		9.12503		9.21717		0.00175274   	-0.429818   	-0.898923   	0.996398   	
-1.3		0		9.14998		9.24187		0.00161398   	-0.429642   	-0.898835   	0.996243   	
-1.3		0		9.17502		9.26666		0.00157963   	-0.429659   	-0.899026   	0.996422   	
-1.3		0		9.19997		9.29137		0.00162299   	-0.42982   	-0.899425   	0.996852   	
-1.3		0		9.22501		9.31616		0.00166636   	-0.429981   	-0.899824   	0.997281   	
-1.3		0		9.24996		9.34087		0.00170972   	-0.430142   	-0.900223   	0.997711   	
-1.3		0		9.275		9.36566		0.00172115   	-0.43025   	-0.90042   	0.997935   	
-1.3		0		9.30003		9.39045		0.00168599   	-0.430281   	-0.900323   	0.997861   	
-1.3		0		9.32499		9.41517		0.00165083   	-0.430312   	-0.900226   	0.997787   	
-1.3		0		9.35002		9.43997		0.00161567   	-0.430343   	-0.90013   	0.997713   	
-1.3		0		9.37498		9.46468		0.00160781   	-0.430313   	-0.90008   	0.997655   	
-1.3		0		9.40001		9.48948		0.00168639   	-0.430091   	-0.900178   	0.997648   	
-1.3		0		9.42497		9.5142		0.00176497   	-0.429869   	-0.900276   	0.997641   	
-1.3		0		9.45		9.539		0.00184355   	-0.429647   	-0.900374   	0.997634   	
-1.3		0		9.47504		9.5638		0.00191753   	-0.429426   	-0.900449   	0.997607   	
-1.3		0		9.49999		9.58853		0.00193337   	-0.429222   	-0.900231   	0.997322   	
-1.3		0		9.52503		9.61333		0.00194921   	-0.429017   	-0.900013   	0.997037   	
-1.3		0		9.54998		9.63806		0.00196505   	-0.428812   	-0.899795   	0.996752   	
-1.3		0		9.57502		9.66287		0.00198089   	-0.428608   	-0.899577   	0.996468   	
-1.3		0		9.59997		9.68759		0.00195073   	-0.428751   	-0.899568   	0.996521   	
-1.3		0		9.62501		9.7124		0.00191583   	-0.428929   	-0.899581   	0.996609   	
-1.3		0		9.64996		9.73713		0.00188093   	-0.429108   	-0.899594   	0.996698   	
-1.3		0		9.675		9.76195		0.00184603   	-0.429286   	-0.899607   	0.996786   	
-1.3		0		9.70003		9.78676		0.00163833   	-0.429379   	-0.899653   	0.996867   	
-1.3		0		9.72499		9.81149		0.00136991   	-0.429441   	-0.899711   	0.996946   	
-1.3		0		9.75002		9.83631		0.0011015   	-0.429503   	-0.899769   	0.997025   	
-1.3		0		9.77498		9.86104		0.000833084   	-0.429565   	-0.899826   	0.997103   	
-1.3		0		9.80001		9.88586		0.00086752   	-0.429465   	-0.899933   	0.997156   	
-1.3		0		9.82497		9.9106		0.00112733   	-0.429243   	-0.900076   	0.99719   	
-1.3		0		9.85		9.93542		0.00138715   	-0.429022   	-0.90022   	0.997225   	
-1.3		0		9.87504		9.96024		0.00164696   	-0.4288   	-0.900364   	0.99726   	
-1.3		0		9.89999		9.98498		0.00186855   	-0.428669   	-0.900487   	0.997315   	
-1.3		0		9.92503		10.0098		0.00203437   	-0.428669   	-0.900582   	0.997401   	
-1.3		0		9.94998		10.0345		0.00220019   	-0.428669   	-0.900676   	0.997486   	
-1.3		0		9.97502		10.0594		0.00236601   	-0.42867   	-0.90077   	0.997572   	
-1.3		0		9.99997		10.0841		0.00245868   	-0.428744   	-0.900854   	0.99768   	
-1.3		0		-1.875		2.28159		0.0898045   	-0.495721   	-0.859542   	0.996301   	
-1.3		0		-1.85		2.26108		0.0921847   	-0.496951   	-0.860109   	0.99762   	
-1.3		0		-1.825		2.24067		0.0946839   	-0.497066   	-0.859809   	0.997653   	
-1.3		0		-1.8		2.22036		0.0965375   	-0.497207   	-0.859395   	0.997544   	
-1.3		0		-1.775		2.20014		0.0984456   	-0.498201   	-0.859767   	0.998546   	
-1.3		0		-1.75		2.18002		0.10086   	-0.498417   	-0.859973   	0.999072   	
-1.3		0		-1.725		2.16001		0.101957   	-0.498614   	-0.859978   	0.999286   	
-1.3		0		-1.7		2.14009		0.103558   	-0.501201   	-0.860614   	1.00129   	
-1.3		0		-1.675		2.12029		0.106425   	-0.502607   	-0.860852   	1.0025   	
-1.3		0		-1.65		2.1006		0.109359   	-0.503345   	-0.86163   	1.00385   	
-1.3		0		-1.625		2.08101		0.112147   	-0.505305   	-0.861834   	1.00532   	
-1.3		0		-1.6		2.06156		0.114497   	-0.50699   	-0.862512   	1.00701   	
-1.3		0		-1.575		2.04221		0.116227   	-0.50839   	-0.863168   	1.00848   	
-1.3		0		-1.55		2.02299		0.118901   	-0.510687   	-0.864303   	1.01092   	
-1.3		0		-1.525		2.0039		0.122622   	-0.512544   	-0.865519   	1.01334   	
-1.3		0		-1.5		1.98494		0.12627   	-0.513558   	-0.866717   	1.01532   	
-1.3		0		-1.475		1.96612		0.129126   	-0.514396   	-0.866829   	1.0162   	
-1.3		0		-1.45		1.94744		0.130821   	-0.515526   	-0.867017   	1.01715   	
-1.3		0		-1.425		1.92889		0.132782   	-0.516529   	-0.867977   	1.01873   	
-1.3		0		-1.4		1.91049		0.135976   	-0.517312   	-0.869839   	1.02114   	
-1.3		0		-1.375		1.89225		0.139694   	-0.518312   	-0.871728   	1.02375   	
-1.3		0		-1.35		1.87417		0.143223   	-0.520149   	-0.873332   	1.02654   	
-1.3		0		-1.325		1.85624		0.146198   	-0.522979   	-0.875271   	1.03004   	
-1.3		0		-1.3		1.83848		0.149225   	-0.525147   	-0.876285   	1.03244   	
-1.3		0		-1.275		1.82088		0.15297   	-0.525846   	-0.877695   	1.03453   	
-1.3		0		-1.25		1.80347		0.155953   	-0.526755   	-0.879974   	1.03737   	
-1.3		0		-1.225		1.78623		0.158922   	-0.526854   	-0.882493   	1.04001   	
-1.3		0		-1.2		1.76918		0.162763   	-0.527698   	-0.88576   	1.0438   	
-1.3		0		-1.175		1.75232		0.166462   	-0.529442   	-0.88822   	1.04736   	
-1.3		0		-1.15		1.73565		0.171299   	-0.532988   	-0.891669   	1.05285   	
-1.3		0		-1.125		1.7192		0.174846   	-0.535932   	-0.895126   	1.05785   	
-1.3		0		-1.1		1.70294		0.178107   	-0.537938   	-0.898607   	1.06235   	
-1.3		0		-1.075		1.6869		0.180943   	-0.539385   	-0.902647   	1.06698   	
-1.3		0		-1.05		1.67108		0.18427   	-0.540948   	-0.90737   	1.07233   	
-1.3		0		-1.025		1.65548		0.187656   	-0.543809   	-0.911401   	1.07777   	
-1.3		0		-0.999997		1.64012		0.190749   	-0.547374   	-0.916095   	1.08408   	
-1.3		0		-0.975002		1.625		0.19375   	-0.550269   	-0.920786   	1.09004   	
-1.3		0		-0.949999		1.61012		0.196531   	-0.552   	-0.925884   	1.09571   	
-1.3		0		-0.924996		1.5955		0.198668   	-0.555012   	-0.930494   	1.10151   	
-1.3		0		-0.900001		1.58114		0.20036   	-0.557812   	-0.935215   	1.10722   	
-1.3		0		-0.874999		1.56704		0.202445   	-0.560317   	-0.939761   	1.11269   	
-1.3		0		-0.850004		1.55322		0.204239   	-0.564247   	-0.943764   	1.11838   	
-1.3		0		-0.825001		1.53968		0.205452   	-0.56835   	-0.94864   	1.12479   	
-1.3		0		-0.8		1.52643		0.206479   	-0.570316   	-0.954503   	1.13092   	
-1.3		0		-0.775		1.51348		0.208067   	-0.571596   	-0.960588   	1.13699   	
-1.3		0		-0.75		1.50083		0.210033   	-0.573803   	-0.966863   	1.14376   	
-1.3		0		-0.725		1.4885		0.211088   	-0.576484   	-0.973116   	1.15059   	
-1.3		0		-0.7		1.47648		0.211633   	-0.578966   	-0.979856   	1.15763   	
-1.3		0		-0.675		1.4648		0.213625   	-0.580203   	-0.986452   	1.1642   	
-1.3		0		-0.65		1.45344		0.21641   	-0.581926   	-0.99106   	1.16947   	
-1.3		0		-0.625		1.44244		0.217463   	-0.585805   	-0.997093   	1.17671   	
-1.3		0		-0.6		1.43178		0.218272   	-0.588356   	-1.00087   	1.18133   	
-1.3		0		-0.575		1.42149		0.219115   	-0.58856   	-1.00782   	1.18748   	
-1.3		0		-0.55		1.41156		0.218972   	-0.588014   	-1.01547   	1.19369   	
-1.3		0		-0.525		1.40201		0.222322   	-0.591087   	-1.0199   	1.19959   	
-1.3		0		-0.5		1.39284		0.225289   	-0.596694   	-1.02566   	1.2078   	
-1.3		0		-0.475		1.38406		0.222786   	-0.591267   	-1.02496   	1.20407   	
-1.3		0		-0.45		1.37568		0.223345   	-0.589495   	-1.03226   	1.20952   	
-1.3		0		-0.425		1.36771		0.228831   	-0.586483   	-1.03383   	1.21043   	
-1.3		0		-0.4		1.36015		0.232574   	-0.589387   	-1.03781   	1.21594   	
-1.3		0		-0.375		1.35301		0.238447   	-0.595446   	-1.04181   	1.22343   	
-1.3		0		-0.35		1.34629		0.240972   	-0.59667   	-1.04468   	1.22696   	
-1.3		0		-0.325		1.34001		0.243201   	-0.59452   	-1.04493   	1.22657   	
-1.3		0		-0.3		1.33417		0.245059   	-0.598724   	-1.04573   	1.22966   	
-1.3		0		-0.275		1.32877		0.248037   	-0.600459   	-1.04433   	1.22992   	
-1.3		0		-0.25		1.32382		0.245837   	-0.596261   	-1.05058   	1.23275   	
-1.3		0		-0.225		1.31933		0.246688   	-0.595882   	-1.06118   	1.24179   	
-1.3		0		-0.2		1.3153		0.260586   	-0.599235   	-1.06397   	1.24861   	
-1.3		0		-0.175		1.31173		0.269414   	-0.589798   	-1.06466   	1.24657   	
-1.3		0		-0.15		1.30863		0.262348   	-0.569318   	-1.06342   	1.23443   	
-1.3		0		-0.125		1.306		0.245417   	-0.556838   	-1.06606   	1.22751   	
-1.3		0		-0.0999997		1.30384		0.21428   	-0.556998   	-1.07661   	1.23096   	
-1.3		0		-0.075		1.30216		0.159818   	-0.566077   	-1.08112   	1.23077   	
-1.3		0		-0.05		1.30096		0.0922605   	-0.583425   	-1.07986   	1.23085   	
-1.3		0		-0.025		1.30024		0.0375789   	-0.604579   	-1.07926   	1.23763   	
-1.3		0		-3.75		3.96894		0.0139066   	-0.454489   	-0.879495   	0.990083   	
-1.3		0		-3.725		3.94533		0.0137114   	-0.454908   	-0.879235   	0.990042   	
-1.3		0		-3.7		3.92174		0.0137094   	-0.455259   	-0.878996   	0.989991   	
-1.3		0		-3.675		3.89816		0.014747   	-0.455251   	-0.878872   	0.989892   	
-1.3		0		-3.65		3.8746		0.0157314   	-0.455278   	-0.878712   	0.989778   	
-1.3		0		-3.625		3.85106		0.0160437   	-0.455746   	-0.878103   	0.989458   	
-1.3		0		-3.6		3.82753		0.0163561   	-0.456213   	-0.877494   	0.989138   	
-1.3		0		-3.575		3.80403		0.0163418   	-0.456544   	-0.877774   	0.989539   	
-1.3		0		-3.55		3.78054		0.0163242   	-0.456874   	-0.878063   	0.989947   	
-1.3		0		-3.525		3.75707		0.0167546   	-0.457036   	-0.877518   	0.989546   	
-1.3		0		-3.5		3.73363		0.0172312   	-0.457181   	-0.876887   	0.989061   	
-1.3		0		-3.475		3.7102		0.017851   	-0.457581   	-0.876484   	0.9889   	
-1.3		0		-3.45		3.6868		0.0185016   	-0.458035   	-0.876129   	0.988808   	
-1.3		0		-3.425		3.66342		0.0190217   	-0.458416   	-0.8757   	0.988614   	
-1.3		0		-3.4		3.64005		0.0194959   	-0.45877   	-0.875245   	0.988384   	
-1.3		0		-3.375		3.61672		0.0200023   	-0.45909   	-0.874478   	0.987864   	
-1.3		0		-3.35		3.5934		0.0205254   	-0.459393   	-0.873547   	0.987192   	
-1.3		0		-3.325		3.5701		0.0209901   	-0.459777   	-0.873225   	0.987095   	
-1.3		0		-3.3		3.54683		0.0214115   	-0.460222   	-0.873356   	0.987428   	
-1.3		0		-3.275		3.52358		0.0218003   	-0.460673   	-0.87326   	0.987562   	
-1.3		0		-3.25		3.50035		0.0221553   	-0.461129   	-0.872926   	0.987487   	
-1.3		0		-3.225		3.47716		0.0227768   	-0.461745   	-0.872755   	0.987638   	
-1.3		0		-3.2		3.45398		0.0237872   	-0.462592   	-0.872819   	0.988114   	
-1.3		0		-3.175		3.43084		0.0246891   	-0.463396   	-0.872523   	0.988252   	
-1.3		0		-3.15		3.40771		0.0253638   	-0.464111   	-0.87147   	0.987675   	
-1.3		0		-3.125		3.38461		0.0259069   	-0.464661   	-0.870753   	0.987315   	
-1.3		0		-3.1		3.36155		0.0260332   	-0.464691   	-0.871099   	0.987638   	
-1.3		0		-3.075		3.33851		0.0263057   	-0.464774   	-0.871277   	0.987841   	
-1.3		0		-3.05		3.31549		0.0273656   	-0.465139   	-0.870551   	0.987402   	
-1.3		0		-3.025		3.29251		0.0284008   	-0.465502   	-0.869854   	0.986988   	
-1.3		0		-3		3.26956		0.0291228   	-0.465833   	-0.869535   	0.986884   	
-1.3		0		-2.975		3.24663		0.0298448   	-0.466163   	-0.869216   	0.98678   	
-1.3		0		-2.95		3.22374		0.0303934   	-0.466715   	-0.868928   	0.986804   	
-1.3		0		-2.925		3.20088		0.0309403   	-0.467268   	-0.868641   	0.98683   	
-1.3		0		-2.9		3.17805		0.0313206   	-0.468114   	-0.868128   	0.986792   	
-1.3		0		-2.875		3.15525		0.0316838   	-0.468989   	-0.867592   	0.986747   	
-1.3		0		-2.85		3.13249		0.0325906   	-0.469327   	-0.867458   	0.98682   	
-1.3		0		-2.825		3.10977		0.0336141   	-0.46955   	-0.86741   	0.986918   	
-1.3		0		-2.8		3.08707		0.0348583   	-0.46986   	-0.866863   	0.986628   	
-1.3		0		-2.775		3.06441		0.0361799   	-0.4702   	-0.866141   	0.986203   	
-1.3		0		-2.75		3.04179		0.0368613   	-0.470676   	-0.865727   	0.986092   	
-1.3		0		-2.725		3.01921		0.0372081   	-0.471222   	-0.865475   	0.986145   	
-1.3		0		-2.7		2.99666		0.037966   	-0.47143   	-0.865056   	0.985905   	
-1.3		0		-2.675		2.97416		0.03903   	-0.471386   	-0.864512   	0.985449   	
-1.3		0		-2.65		2.95169		0.0401493   	-0.471846   	-0.864004   	0.985268   	
-1.3		0		-2.625		2.92927		0.0413263   	-0.472831   	-0.863533   	0.985376   	
-1.3		0		-2.6		2.90689		0.0424232   	-0.473412   	-0.863087   	0.985311   	
-1.3		0		-2.575		2.88455		0.0434031   	-0.473406   	-0.862676   	0.984991   	
-1.3		0		-2.55		2.86226		0.0443807   	-0.473545   	-0.862357   	0.984822   	
-1.3		0		-2.525		2.84		0.0453533   	-0.473987   	-0.862227   	0.984965   	
-1.3		0		-2.5		2.8178		0.0462987   	-0.474558   	-0.862027   	0.985109   	
-1.3		0		-2.475		2.79565		0.0471582   	-0.47554   	-0.861604   	0.985253   	
-1.3		0		-2.45		2.77353		0.0481255   	-0.476464   	-0.861253   	0.985439   	
-1.3		0		-2.425		2.75147		0.0496729   	-0.477073   	-0.861287   	0.98584   	
-1.3		0		-2.4		2.72947		0.0512425   	-0.477682   	-0.861293   	0.986221   	
-1.3		0		-2.375		2.70751		0.0530946   	-0.478298   	-0.860942   	0.986311   	
-1.3		0		-2.35		2.68561		0.0549467   	-0.478913   	-0.860592   	0.986405   	
-1.3		0		-2.325		2.66376		0.0561859   	-0.479612   	-0.859961   	0.986264   	
-1.3		0		-2.3		2.64197		0.0574188   	-0.480312   	-0.859327   	0.986123   	
-1.3		0		-2.275		2.62024		0.0584399   	-0.480828   	-0.859307   	0.986417   	
-1.3		0		-2.25		2.59856		0.0594391   	-0.481324   	-0.859349   	0.986756   	
-1.3		0		-2.225		2.57694		0.0612449   	-0.481817   	-0.858813   	0.98664   	
-1.3		0		-2.2		2.55539		0.0632238   	-0.482309   	-0.858154   	0.986432   	
-1.3		0		-2.175		2.53389		0.0647609   	-0.48341   	-0.857865   	0.986819   	
-1.3		0		-2.15		2.51247		0.0661428   	-0.484725   	-0.857708   	0.987419   	
-1.3		0		-2.125		2.49111		0.0678176   	-0.485412   	-0.857701   	0.987864   	
-1.3		0		-2.1		2.46982		0.0696455   	-0.485771   	-0.857774   	0.988231   	
-1.3		0		-2.075		2.4486		0.0717747   	-0.486219   	-0.857713   	0.988551   	
-1.3		0		-2.05		2.42745		0.0741281   	-0.486733   	-0.857552   	0.988837   	
-1.3		0		-2.025		2.40637		0.0763609   	-0.487726   	-0.857801   	0.989712   	
-1.3		0		-2		2.38537		0.0784684   	-0.489217   	-0.858477   	0.991198   	
-1.3		0		-1.975		2.36445		0.0801956   	-0.490724   	-0.858683   	0.992259   	
-1.3		0		-1.95		2.34361		0.0813681   	-0.492255   	-0.858205   	0.992699   	
-1.3		0		-1.925		2.32285		0.0831241   	-0.493561   	-0.858057   	0.993365   	
-1.3		0		-1.9		2.30217		0.0861013   	-0.494397   	-0.858602   	0.994505   	
-1.3		0		0		1.3		-0.0133293   	-0.626447   	-1.09574   	1.26224   	
-1.3		0		0.025		1.30024		-0.0742978   	-0.631276   	-1.09315   	1.26452   	
-1.3		0		0.05		1.30096		-0.136893   	-0.632787   	-1.08344   	1.26214   	
-1.3		0		0.075		1.30216		-0.21358   	-0.651772   	-1.07819   	1.27786   	
-1.3		0		0.0999997		1.30384		-0.253385   	-0.64889   	-1.07716   	1.28278   	
-1.3		0		0.125		1.306		-0.255409   	-0.636134   	-1.05462   	1.25782   	
-1.3		0		0.15		1.30863		-0.271594   	-0.640255   	-1.04426   	1.25466   	
-1.3		0		0.175		1.31173		-0.284042   	-0.635294   	-1.04772   	1.25777   	
-1.3		0		0.2		1.3153		-0.28246   	-0.632149   	-1.04292   	1.25183   	
-1.3		0		0.225		1.31933		-0.277557   	-0.632791   	-1.0417   	1.25004   	
-1.3		0		0.25		1.32382		-0.272129   	-0.629327   	-1.0403   	1.24593   	
-1.3		0		0.275		1.32877		-0.268151   	-0.621457   	-1.04289   	1.24328   	
-1.3		0		0.3		1.33417		-0.266993   	-0.61929   	-1.04271   	1.24179   	
-1.3		0		0.325		1.34001		-0.264618   	-0.62306   	-1.0452   	1.24526   	
-1.3		0		0.35		1.34629		-0.257728   	-0.624739   	-1.04202   	1.24199   	
-1.3		0		0.375		1.35301		-0.253372   	-0.624786   	-1.04086   	1.24014   	
-1.3		0		0.4		1.36015		-0.249546   	-0.624056   	-1.03885   	1.23731   	
-1.3		0		0.425		1.36771		-0.24474   	-0.620829   	-1.03392   	1.23058   	
-1.3		0		0.45		1.37568		-0.244765   	-0.615013   	-1.03457   	1.2282   	
-1.3		0		0.475		1.38406		-0.24707   	-0.609598   	-1.03579   	1.22699   	
-1.3		0		0.5		1.39284		-0.245513   	-0.607657   	-1.03209   	1.22259   	
-1.3		0		0.525		1.40201		-0.242404   	-0.605944   	-1.02502   	1.21515   	
-1.3		0		0.55		1.41156		-0.242057   	-0.60124   	-1.01713   	1.20608   	
-1.3		0		0.575		1.42149		-0.244259   	-0.597984   	-1.0153   	1.20336   	
-1.3		0		0.6		1.43178		-0.244539   	-0.595151   	-1.00995   	1.1975   	
-1.3		0		0.625		1.44244		-0.242103   	-0.589527   	-1.00255   	1.18797   	
-1.3		0		0.65		1.45344		-0.239916   	-0.584997   	-0.993753   	1.17785   	
-1.3		0		0.675		1.4648		-0.239196   	-0.582842   	-0.985891   	1.17   	
-1.3		0		0.7		1.47648		-0.237547   	-0.582361   	-0.979435   	1.16399   	
-1.3		0		0.725		1.4885		-0.235839   	-0.58067   	-0.97228   	1.15677   	
-1.3		0		0.75		1.50083		-0.235151   	-0.577571   	-0.969601   	1.15283   	
-1.3		0		0.775		1.51348		-0.232555   	-0.573821   	-0.960745   	1.14297   	
-1.3		0		0.8		1.52643		-0.22971   	-0.572144   	-0.954401   	1.13622   	
-1.3		0		0.825001		1.53968		-0.226949   	-0.570188   	-0.946683   	1.1282   	
-1.3		0		0.850004		1.55322		-0.222997   	-0.567442   	-0.940889   	1.12116   	
-1.3		0		0.874999		1.56704		-0.219961   	-0.564136   	-0.937093   	1.1157   	
-1.3		0		0.900001		1.58114		-0.217634   	-0.561624   	-0.931867   	1.10958   	
-1.3		0		0.924996		1.5955		-0.214554   	-0.5592   	-0.926369   	1.10313   	
-1.3		0		0.949999		1.61012		-0.211734   	-0.556949   	-0.920869   	1.09682   	
-1.3		0		0.975002		1.625		-0.20978   	-0.554901   	-0.916376   	1.09164   	
-1.3		0		0.999997		1.64012		-0.207873   	-0.552531   	-0.912142   	1.08651   	
-1.3		0		1.025		1.65548		-0.205144   	-0.550509   	-0.907165   	1.08078   	
-1.3		0		1.05		1.67108		-0.200513   	-0.548848   	-0.90195   	1.07469   	
-1.3		0		1.075		1.6869		-0.195847   	-0.546447   	-0.897881   	1.06918   	
-1.3		0		1.1		1.70294		-0.192059   	-0.543856   	-0.89508   	1.06482   	
-1.3		0		1.125		1.7192		-0.188028   	-0.542214   	-0.892057   	1.06071   	
-1.3		0		1.15		1.73565		-0.18363   	-0.540415   	-0.888442   	1.05598   	
-1.3		0		1.175		1.75232		-0.179479   	-0.537538   	-0.885752   	1.05153   	
-1.3		0		1.2		1.76918		-0.175947   	-0.534879   	-0.883309   	1.04752   	
-1.3		0		1.225		1.78623		-0.172471   	-0.533026   	-0.879699   	1.04294   	
-1.3		0		1.25		1.80347		-0.169648   	-0.531503   	-0.877896   	1.04018   	
-1.3		0		1.275		1.82088		-0.165706   	-0.528872   	-0.875243   	1.03596   	
-1.3		0		1.3		1.83848		-0.161419   	-0.525503   	-0.873676   	1.03224   	
-1.3		0		1.325		1.85624		-0.157625   	-0.524514   	-0.871926   	1.02967   	
-1.3		0		1.35		1.87417		-0.15423   	-0.522672   	-0.86987   	1.02647   	
-1.3		0		1.375		1.89225		-0.150637   	-0.521133   	-0.868995   	1.02441   	
-1.3		0		1.4		1.91049		-0.146719   	-0.520158   	-0.867327   	1.02193   	
-1.3		0		1.425		1.92889		-0.142353   	-0.519082   	-0.865162   	1.01893   	
-1.3		0		1.45		1.94744		-0.13907   	-0.517338   	-0.864758   	1.01724   	
-1.3		0		1.475		1.96612		-0.137229   	-0.515232   	-0.8638   	1.01511   	
-1.3		0		1.5		1.98494		-0.13511   	-0.513378   	-0.864136   	1.01417   	
-1.3		0		1.525		2.0039		-0.132176   	-0.511676   	-0.861629   	1.01079   	
-1.3		0		1.55		2.02299		-0.128573   	-0.510774   	-0.861016   	1.00934   	
-1.3		0		1.575		2.04221		-0.124957   	-0.509344   	-0.859495   	1.00687   	
-1.3		0		1.6		2.06156		-0.122148   	-0.508106   	-0.859747   	1.00611   	
-1.3		0		1.625		2.08101		-0.119197   	-0.506743   	-0.859701   	1.00503   	
-1.3		0		1.65		2.1006		-0.116514   	-0.506036   	-0.858701   	1.0035   	
-1.3		0		1.675		2.12029		-0.113924   	-0.505532   	-0.85777   	1.00215   	
-1.3		0		1.7		2.14009		-0.110432   	-0.504589   	-0.857169   	1.00077   	
-1.3		0		1.725		2.16001		-0.107181   	-0.503586   	-0.85707   	0.999828   	
-1.3		0		1.75		2.18002		-0.105354   	-0.502446   	-0.856908   	0.998921   	
-1.3		0		1.775		2.20014		-0.104072   	-0.501261   	-0.856632   	0.997954   	
-1.3		0		1.8		2.22036		-0.102053   	-0.500589   	-0.856113   	0.996962   	
-1.3		0		1.825		2.24067		-0.0985745   	-0.499839   	-0.855226   	0.995473   	
-1.3		0		1.85		2.26108		-0.0950473   	-0.498233   	-0.854946   	0.994084   	
-1.3		0		1.875		2.28159		-0.0934385   	-0.496149   	-0.851452   	0.989881   	
-1.3		0		1.9		2.30217		-0.0920812   	-0.495133   	-0.852528   	0.990172   	
-1.3		0		1.925		2.32285		-0.0905481   	-0.49418   	-0.853466   	0.990362   	
-1.3		0		1.95		2.34361		-0.0880686   	-0.493571   	-0.853667   	0.990008   	
-1.3		0		1.975		2.36445		-0.0855983   	-0.492901   	-0.853864   	0.989627   	
-1.3		0		2		2.38537		-0.0832436   	-0.491472   	-0.854024   	0.988853   	
-1.3		0		2.025		2.40637		-0.0808889   	-0.490043   	-0.854183   	0.988086   	
-1.3		0		2.05		2.42745		-0.079043   	-0.488748   	-0.854472   	0.987545   	
-1.3		0		2.075		2.4486		-0.0772023   	-0.487453   	-0.854762   	0.98701   	
-1.3		0		2.1		2.46982		-0.0754044   	-0.486737   	-0.854991   	0.986716   	
-1.3		0		2.125		2.49111		-0.0736109   	-0.486081   	-0.855215   	0.986451   	
-1.3		0		2.15		2.51247		-0.0719457   	-0.485783   	-0.855514   	0.986441   	
-1.3		0		2.175		2.53389		-0.0703081   	-0.485562   	-0.85583   	0.986488   	
-1.3		0		2.2		2.55539		-0.0686274   	-0.484896   	-0.856336   	0.986481   	
-1.3		0		2.225		2.57694		-0.0669315   	-0.484074   	-0.85691   	0.986459   	
-1.3		0		2.25		2.59856		-0.0654064   	-0.483016   	-0.857496   	0.986348   	
-1.3		0		2.275		2.62024		-0.0639705   	-0.481836   	-0.858089   	0.986192   	
-1.3		0		2.3		2.64197		-0.0624619   	-0.480902   	-0.85824   	0.985771   	
-1.3		0		2.325		2.66376		-0.0608993   	-0.480152   	-0.858064   	0.985154   	
-1.3		0		2.35		2.68561		-0.059483   	-0.479535   	-0.858417   	0.985075   	
-1.3		0		2.375		2.70751		-0.0582193   	-0.479058   	-0.859322   	0.985556   	
-1.3		0		2.4		2.72947		-0.0568613   	-0.478285   	-0.859927   	0.985629   	
-1.3		0		2.425		2.75147		-0.0553657   	-0.477083   	-0.860095   	0.985108   	
-1.3		0		2.45		2.77353		-0.0539475   	-0.476039   	-0.860273   	0.984679   	
-1.3		0		2.475		2.79565		-0.052691   	-0.475327   	-0.860472   	0.984441   	
-1.3		0		2.5		2.8178		-0.051526   	-0.474725   	-0.860701   	0.984289   	
-1.3		0		2.525		2.84		-0.0506506   	-0.474469   	-0.861028   	0.984406   	
-1.3		0		2.55		2.86226		-0.0496594   	-0.474166   	-0.861396   	0.984532   	
-1.3		0		2.575		2.88455		-0.0480448   	-0.473608   	-0.861991   	0.984704   	
-1.3		0		2.6		2.90689		-0.0464358   	-0.473028   	-0.86258   	0.984863   	
-1.3		0		2.625		2.92927		-0.0448981   	-0.472162   	-0.863092   	0.984825   	
-1.3		0		2.65		2.95169		-0.0433604   	-0.471295   	-0.863605   	0.984791   	
-1.3		0		2.675		2.97416		-0.0427033   	-0.470782   	-0.864202   	0.98504   	
-1.3		0		2.7		2.99666		-0.0420551   	-0.470273   	-0.8648   	0.985294   	
-1.3		0		2.725		3.01921		-0.0409707   	-0.470038   	-0.865415   	0.985676   	
-1.3		0		2.75		3.04179		-0.0398415   	-0.469831   	-0.866033   	0.986074   	
-1.3		0		2.775		3.06441		-0.0389089   	-0.469369   	-0.866295   	0.986047   	
-1.3		0		2.8		3.08707		-0.0380186   	-0.468851   	-0.866481   	0.985929   	
-1.3		0		2.825		3.10977		-0.0371798   	-0.468366   	-0.867163   	0.986266   	
-1.3		0		2.85		3.13249		-0.0363591   	-0.467891   	-0.868019   	0.986763   	
-1.3		0		2.875		3.15525		-0.0357044   	-0.467256   	-0.868316   	0.986699   	
-1.3		0		2.9		3.17805		-0.0351365   	-0.466538   	-0.86832   	0.986343   	
-1.3		0		2.925		3.20088		-0.0345024   	-0.46598   	-0.868318   	0.986055   	
-1.3		0		2.95		3.22374		-0.033819   	-0.465542   	-0.868311   	0.985818   	
-1.3		0		2.975		3.24663		-0.0332615   	-0.465059   	-0.868579   	0.985807   	
-1.3		0		3		3.26956		-0.0328349   	-0.464529   	-0.869134   	0.986032   	
-1.3		0		3.025		3.29251		-0.0322053   	-0.46411   	-0.869542   	0.986174   	
-1.3		0		3.05		3.31549		-0.0312791   	-0.463854   	-0.869738   	0.986196   	
-1.3		0		3.075		3.33851		-0.0303315   	-0.463441   	-0.870041   	0.98624   	
-1.3		0		3.1		3.36155		-0.0293391   	-0.462705   	-0.870571   	0.986332   	
-1.3		0		3.125		3.38461		-0.0284103   	-0.462042   	-0.871066   	0.986431   	
-1.3		0		3.15		3.40771		-0.0276831   	-0.461613   	-0.871447   	0.986546   	
-1.3		0		3.175		3.43084		-0.0269799   	-0.461189   	-0.87187   	0.986702   	
-1.3		0		3.2		3.45398		-0.0264061   	-0.46079   	-0.872515   	0.98707   	
-1.3		0		3.225		3.47716		-0.0258481   	-0.460403   	-0.873142   	0.987429   	
-1.3		0		3.25		3.50035		-0.0254886   	-0.460173   	-0.873542   	0.987666   	
-1.3		0		3.275		3.52358		-0.0251292   	-0.459944   	-0.873942   	0.987904   	
-1.3		0		3.3		3.54683		-0.0243027   	-0.459909   	-0.874478   	0.988341   	
-1.3		0		3.325		3.5701		-0.0234714   	-0.459875   	-0.875016   	0.988782   	
-1.3		0		3.35		3.5934		-0.0228852   	-0.459681   	-0.875119   	0.988769   	
-1.3		0		3.375		3.61672		-0.0223243   	-0.459471   	-0.875177   	0.98871   	
-1.3		0		3.4		3.64005		-0.0222471   	-0.459116   	-0.875678   	0.988987   	
-1.3		0		3.425		3.66342		-0.0222736   	-0.458729   	-0.876274   	0.989335   	
-1.3		0		3.45		3.6868		-0.0219337   	-0.458471   	-0.876491   	0.9894   	
-1.3		0		3.475		3.7102		-0.0214649   	-0.458259   	-0.876575   	0.989366   	
-1.3		0		3.5		3.73363		-0.0211325   	-0.458355   	-0.877026   	0.989803   	
-1.3		0		3.525		3.75707		-0.0208713   	-0.458612   	-0.87767   	0.990487   	
-1.3		0		3.55		3.78054		-0.0202545   	-0.458297   	-0.877841   	0.99048   	
-1.3		0		3.575		3.80403		-0.0193731   	-0.457557   	-0.87766   	0.98996   	
-1.3		0		3.6		3.82753		-0.0187292   	-0.456787   	-0.877762   	0.989682   	
-1.3		0		3.625		3.85106		-0.0183327   	-0.455989   	-0.87816   	0.98966   	
-1.3		0		3.65		3.8746		-0.0179925   	-0.455306   	-0.87869   	0.98981   	
-1.3		0		3.675		3.89816		-0.0177343   	-0.454794   	-0.879412   	0.990211   	
-1.3		0		3.7		3.92174		-0.0175219   	-0.454375   	-0.880042   	0.990574   	
-1.3		0		3.725		3.94533		-0.0174051   	-0.454148   	-0.880477   	0.990855   	
